alpha	alpha
0.	0.
0.16678	-17.860558608302917
0.33356	-12.695078445931307
0.50034	0.
0.66712	0.
0.8339000000000001	-8.292047697022904
1.00068	-8.970578504014998
1.1674600000000002	4.021877435741185
1.33424	-0.008136742646784989
1.50102	-10.437642422556754
1.6678000000000002	-15.063051444826804
1.83458	-11.94892887654047
2.00136	-3.9292945362778835
2.16814	-5.543667706923487
2.3349200000000003	-5.97010368437914
2.5017	-5.943691782019663
2.66848	-7.463432002303738
2.8352600000000003	4.901027562809563
3.00204	16.47209856691786
3.16882	8.321077019871238
3.3356000000000003	-8.543707200708967
3.50238	-6.479220623702668
3.66916	0.10048652873217251
3.8359400000000003	14.489212398002472
4.00272	19.60756599956997
4.1695	9.562335649037756
4.33628	1.4254356615802508
4.5030600000000005	0.500837518855706
4.669840000000001	6.694127057735883
4.83662	4.391909186870127
5.0034	4.784007795550081
5.17018	4.893485048224698
5.33696	0.008492898468414
5.5037400000000005	-3.2535848993870906
5.670520000000001	-1.1378955903658383
5.8373	1.1766478633022972
6.00408	1.6121266937529775
6.17086	4.5102277173704275
6.33764	7.025903070204815
6.5044200000000005	4.665522071065996
6.671200000000001	2.8249649534461243
6.83798	1.6370972409352478
7.00476	-0.7032375243477959
7.17154	3.834660157108145
7.33832	8.303088527493403
7.5051000000000005	6.294759328724182
7.671880000000001	9.317056094129812
7.83866	13.746464953693112
8.00544	15.016244000138565
8.17222	11.158912099913621
8.339	6.045456187432183
8.505780000000001	6.343474146489612
8.67256	7.828102646409124
8.839340000000002	10.374166751123921
9.006120000000001	8.464472430553954
9.172900000000002	5.752396887752184
9.339680000000001	8.045605232769626
9.506459999999999	8.024510105340685
9.67324	9.920348515341065
9.840019999999999	7.363329144686839
10.0068	2.696563502976992
10.17358	3.796541544997924
10.34036	4.779259311518198
10.507140000000001	5.545577047539852
10.67392	4.677010766545272
10.840700000000002	3.045696380902105
11.007480000000001	5.958806980123424
11.174260000000002	7.006553509178929
11.341040000000001	7.913490973413901
11.507819999999999	6.741858691490467
11.6746	5.524575643683406
11.84138	10.312182614924971
12.00816	9.152257511213993
12.17494	7.877902382453105
12.34172	9.685184376029138
12.508500000000002	9.125638767394799
12.67528	10.227509738256902
12.842060000000002	8.190447378131504
13.008840000000001	7.811059978220879
13.175620000000002	10.41181878318011
13.342400000000001	8.016650301640613
13.509180000000002	9.282772535989034
13.67596	10.573451486254076
13.84274	10.812582036198526
14.00952	11.411223530528709
14.1763	8.049070194181612
14.34308	10.384380731063418
14.50986	12.864853091577023
14.67664	9.808858001627733
14.843420000000002	10.544595744084155
15.010200000000001	8.9280737083506
15.176980000000002	11.920107589729216
15.343760000000001	15.92104437328986
15.510540000000002	12.31557925544163
15.67732	11.487206707964596
15.8441	8.972738916684063
16.01088	11.65774981819704
16.17766	14.005300025907726
16.34444	10.613348792817836
16.51122	10.65787119059945
16.678	10.831290671337847
16.84478	13.375584818409964
17.011560000000003	15.976467109875573
17.178340000000002	13.43815001889682
17.34512	13.529977648778187
17.5119	14.00003812345865
17.678680000000004	15.156079695221047
17.845460000000003	18.81768774707034
18.012240000000002	15.715624726085943
18.17902	15.663790687264838
18.345800000000004	16.06455137155156
18.512580000000003	15.6525697332674
18.679360000000003	18.717427540973233
18.84614	16.41903458188093
19.012919999999998	16.45934760136487
19.1797	15.751371055911704
19.34648	15.131903198442481
19.51326	17.827609385262022
19.680039999999998	16.02892073615242
19.84682	14.902915836065668
20.0136	14.35498968618885
20.18038	14.176208052195745
20.34716	16.622209875885293
20.51394	16.17610529936484
20.68072	15.337267411010886
20.8475	16.80165830265898
21.014280000000003	17.19669377586686
21.181060000000002	19.09516864151685
21.34784	18.651250016636272
21.51462	16.724742542884467
21.681400000000004	17.83028411423323
21.848180000000003	18.591533078952857
22.014960000000002	20.113216821942633
22.18174	18.06436871476856
22.348520000000004	17.68257863721628
22.515300000000003	19.040001685024016
22.682080000000003	18.963812540590258
22.848860000000002	19.82877955220101
23.015639999999998	18.045920692685407
23.18242	18.2326013250082
23.3492	18.928218757512195
23.51598	18.786955066218898
23.68276	19.028858854824165
23.84954	17.70073058369193
24.01632	17.738158308474357
24.1831	19.26065206860441
24.34988	18.973340270972887
24.51666	18.547069691731135
24.68344	17.5995135055166
24.85022	17.43133614252779
25.017000000000003	18.22533178306092
25.183780000000002	17.227732643291017
25.35056	18.113640424197733
25.51734	17.40885893594317
25.684120000000004	17.523898820060673
25.850900000000003	18.42121514264833
26.017680000000002	17.461437040303675
26.18446	19.636737844085435
26.351240000000004	18.707108079072356
26.518020000000003	18.292939286763268
26.684800000000003	19.075395997106572
26.851580000000002	19.096191074811177
27.018360000000005	20.866547706325644
27.18514	19.3244488080769
27.35192	19.017219361520905
27.5187	20.39034630764615
27.68548	20.3808999646777
27.85226	21.167001931729228
28.01904	20.342510839353867
28.18582	19.460151406043252
28.3526	21.206713290225466
28.51938	20.432338231432023
28.68616	21.05973539670348
28.85294	20.677912620523948
29.01972	20.387406616732598
29.186500000000002	22.518420284202783
29.35328	21.146583637776814
29.52006	21.516878102231917
29.686840000000004	21.10279733387787
29.853620000000003	20.987459406613684
30.020400000000002	22.065644079029063
30.18718	21.108909213250953
30.353960000000004	21.735552842248804
30.520740000000004	22.30842838826175
30.687520000000003	22.16947165226765
30.854300000000002	22.489424144058805
31.021080000000005	21.706143940493416
31.187860000000004	21.918306828530444
31.35464	22.614117236027578
31.52142	21.523583452320498
31.6882	21.997038252194987
31.85498	21.561741727522044
32.02176	21.8750930629163
32.18854	23.19547125188831
32.35532	22.27279506701548
32.5221	23.10233508353181
32.68888	22.50164329626485
32.85566	22.937110934384545
33.02244	24.201303153339865
33.18922	23.541540530777937
33.356	23.914776591224225
33.52278	23.404133786231263
33.68956	24.348898495009124
33.856339999999996	24.858048117344516
34.023120000000006	23.65923210335829
34.1899	23.621026700908853
34.356680000000004	24.04266790250813
34.52346	25.158389115553145
34.69024	26.085921967881756
34.85702	25.43980956996858
35.0238	25.304716456300458
35.19058	25.445615153461222
35.35736000000001	25.55523630195733
35.52414	26.125430708881353
35.690920000000006	24.52383327760543
35.8577	24.31312418240397
36.024480000000004	24.538722489780984
36.19126	25.01895412700078
36.35804	25.890308286084572
36.52482	24.685189104194247
36.69160000000001	24.68456489458298
36.858380000000004	24.964851929317636
37.02516000000001	26.50806482170164
37.19194	27.281278735688858
37.358720000000005	26.030259972286093
37.5255	26.173945282689456
37.69228	26.63434493701589
37.85906	27.66638845002342
38.025839999999995	27.89643790097819
38.192620000000005	26.440756727492623
38.3594	26.329373304125866
38.526180000000004	27.267191022458174
38.69296	28.18782120862656
38.85974	28.19234269172986
39.02652	26.284484865980577
39.1933	25.844349092819716
39.360079999999996	26.88300538007452
39.526860000000006	28.092750316836785
39.69364	29.253227088863458
39.860420000000005	27.05795751917713
40.0272	26.570953229536617
40.19398	28.650926135627593
40.36076	29.48053464124571
40.52754	29.096201363154606
40.69432	27.0077081067391
40.86110000000001	27.100347362145943
41.02788	28.699402069152434
41.194660000000006	29.38690058397766
41.36144	29.37624972445645
41.528220000000005	28.396601420550706
41.695	28.083873428113552
41.861779999999996	29.74307985211518
42.028560000000006	31.06590497274491
42.19534	30.96055177587544
42.362120000000004	30.00337349547479
42.5289	29.705383909581503
42.69568	31.354756276089276
42.86246	32.73710570294786
43.02924	32.60519575535862
43.19602	31.455503963440314
43.36280000000001	32.05299301854435
43.52958	33.552352812197455
43.696360000000006	33.70759913295252
43.86314	33.09309331559271
44.029920000000004	32.64574149100399
44.1967	33.410032076097266
44.36348	35.709388809270294
44.53026	37.50090168685127
44.69704000000001	36.2149731725419
44.863820000000004	34.67118354133309
45.03060000000001	34.93739077203226
45.19738	36.14886922792396
45.364160000000005	36.34699430170996
45.53094	35.14221951725238
45.697720000000004	35.18426509551927
45.8645	36.551354725760035
46.031279999999995	37.09480759724335
46.198060000000005	36.76769081123544
46.36484	36.544818029694234
46.531620000000004	36.96007360632102
46.6984	39.375019229503195
46.86518	41.04406815892482
47.03196	39.36384348206063
47.19874	37.673163223938445
47.36552	38.437507049704905
47.532300000000006	39.60723585459103
47.69908	39.258619486930385
47.865860000000005	38.527305194157066
48.03264	38.06524064253378
48.19942	39.55330576193192
48.3662	42.15689476268803
48.53298	43.264390209746246
48.69976	42.869403659556134
48.86654000000001	43.606431592404114
49.03332	44.89277997332748
49.200100000000006	45.59160026291752
49.36688	46.57970758770245
49.533660000000005	47.91854824299362
49.70044	48.879234895591246
49.86722	48.533562934692036
50.034000000000006	48.637943199054384
50.20078	48.05388896990549
50.367560000000005	47.760400051800275
50.53434	45.91693466143208
50.70112	43.76135275388725
50.8679	43.598296551834856
51.03468	42.77340954685421
51.20146	41.30447540424875
51.36824000000001	38.0618402976068
51.53502	36.67151065677366
51.701800000000006	36.92388109794864
51.86858	36.34060880166059
52.035360000000004	35.530066789080976
52.20214	34.58477413176525
52.36892	35.328849618172214
52.5357	37.01712465334412
52.70248000000001	37.129344655630035
52.869260000000004	35.05804399857259
53.03604000000001	33.84837830991604
53.20282	33.70184643878677
53.369600000000005	34.97879404245053
53.53638	34.43225699084733
53.703160000000004	32.836795494453234
53.86994	32.127306012873795
54.03672000000001	32.458933952404344
54.203500000000005	34.4442202068066
54.37028	33.57392894049336
54.537060000000004	32.796601948320365
54.70384	32.15004485532265
54.87062	32.67807410912868
55.0374	33.63153783171902
55.20418	33.49019215962673
55.37096	33.373007868615204
55.53774000000001	33.0538326328755
55.70452	33.15817072006868
55.871300000000005	32.21814942812856
56.03808	31.057994153564767
56.204860000000004	30.254891508109484
56.37164	30.741376453292176
56.53842	32.05789496282426
56.7052	32.96246145646756
56.87198000000001	32.691420270897794
57.03876	31.369084068137898
57.205540000000006	32.019603566420535
57.37232	32.45739358784503
57.539100000000005	32.51281238935239
57.70588	31.706287568654492
57.87266	30.924688518007223
58.03944	30.697212022717466
58.20622000000001	30.97657585215538
58.373000000000005	32.051448187983425
58.53978	30.515793737882372
58.70656	30.162215166150705
58.87334	30.420662164685943
59.04012	31.510801933057646
59.2069	32.01745172660073
59.37368000000001	30.65866502579786
59.54046	29.964500480436794
59.707240000000006	30.39517920627916
59.87402	30.896966562479758
60.040800000000004	30.963824543063794
60.20758	31.453117299381404
60.37436	31.673172791245797
60.54114	31.918702364167594
60.70792000000001	31.775367681737702
60.874700000000004	31.217266465473983
61.04148000000001	29.25113322118009
61.20826	29.93221173375111
61.375040000000006	31.782592735438072
61.54182	31.217587135321185
61.708600000000004	31.211385397184696
61.87538	29.935723361756963
62.04216000000001	30.024481240139078
62.208940000000005	31.603444608234966
62.37572000000001	31.57118525752149
62.542500000000004	31.745319392211687
62.70928	31.41059216467116
62.87606	31.729911296232345
63.04284	32.79678460154053
63.20962	32.715278424522296
63.3764	30.790860516413847
63.54318000000001	30.315159106915914
63.70996	31.097878046508278
63.876740000000005	32.05489566015828
64.04352	31.27605071151103
64.2103	30.080223155302225
64.37708	30.751192365702522
64.54386000000001	30.379579946691944
64.71064	30.49194262679888
64.87742	29.725801578918308
65.0442	29.381775948616887
65.21098	30.023409868211605
65.37776	31.475903409616645
65.54454000000001	32.33724498044946
65.71132	33.66350700163483
65.8781	34.69465577620209
66.04488	32.75789928157499
66.21166000000001	32.49046562593052
66.37844	34.57361720086798
66.54522	33.795499617100226
66.712	32.38738129842334
66.87878	33.512938474039835
67.04556	33.80812259891444
67.21234000000001	35.13612241003851
67.37912	34.577934075512374
67.5459	32.954636194010796
67.71267999999999	33.20116822814275
67.87946000000001	34.94956003306634
68.04624000000001	34.63539749376215
68.21302	31.53445800010878
68.3798	32.436234515392876
68.54658	33.85207278633444
68.71336000000001	33.86360142598206
68.88014	34.68136604064577
69.04692	35.2446675488362
69.2137	36.77179586311062
69.38048	35.4889113661373
69.54726000000001	34.35793570474565
69.71404	35.48073389855264
69.88082000000001	34.46832799586791
70.0476	36.259982786115806
70.21438	40.615132024753656
70.38116	41.26289888107526
70.54794000000001	40.48930245248762
70.71472000000001	39.06252347695808
70.8815	37.415861770434546
71.04828	38.01290213291412
71.21506	37.83712037935643
71.38184000000001	38.121615293311294
71.54862	38.134824984377
71.7154	39.63317270554723
71.88217999999999	40.52787607364766
72.04896000000001	41.302028097821676
72.21574000000001	42.60425846278107
72.38252	42.40282690037139
72.5493	42.28652202129456
72.71608	42.265485685810056
72.88286000000001	43.97392218861035
73.04964	45.278643356666464
73.21642	48.53865422338685
73.38320000000002	47.02048701944318
73.54998	42.44537635605201
73.71676000000001	45.312702459187285
73.88354	47.8765152507313
74.05032000000001	47.55051971220744
74.2171	46.08812766859281
74.38388	49.17908942754631
74.55066	49.70871961801057
74.71744000000001	43.15341238052677
74.88422000000001	46.250412977865295
75.051	45.76810929547004
75.21778	46.50263077079252
75.38456	52.92421655049086
75.55134000000001	51.14322863334693
75.71812	52.507617113376135
75.8849	53.47320859129318
76.05167999999999	50.72442705143257
76.21846000000001	51.15484713956564
76.38524000000001	49.868060528329316
76.55202	46.837905247493296
76.7188	50.81647346854723
76.88558	59.40966299906954
77.05236000000001	60.9290493121482
77.21914	62.89866180593618
77.38592	58.46474928042989
77.55270000000002	58.99965566142535
77.71948	62.77420773874651
77.88626000000001	55.38449989782763
78.05304	54.37947257936053
78.21982000000001	54.00586812062664
78.3866	60.30877096907699
78.55338	68.1020167539064
78.72015999999999	57.3896331571287
78.88694000000001	52.73112052245401
79.05372000000001	57.3462973572395
79.2205	67.10795253249695
79.38728	68.66550210989435
79.55405999999999	49.98156591146655
79.72084000000001	50.47843001618718
79.88762	52.890028418000135
80.0544	58.03035310793001
80.22118	59.69877912381777
80.38796	51.8896380584475
80.55474000000001	65.15628427707074
80.72152	71.33002561154521
80.8883	61.47673298624466
81.05508	72.00020196611915
81.22186	66.03721757240199
81.38864	49.67967674100347
81.55542	58.85090138452757
81.72220000000002	60.36221308078969
81.88898	53.473410841828155
82.05576	54.37912132677146
82.22254	51.860309966336835
82.38932000000001	45.21085245020522
82.5561	48.53731036289889
82.72288	56.227289963385864
82.88966	62.735909182686335
83.05644000000001	58.907362989605886
83.22322000000001	52.43990973363752
83.39	54.742319377111365
83.55678	52.74752124194764
83.72355999999999	46.68059222202628
83.89034000000001	45.776290338979074
84.05712000000001	45.32758120905135
84.2239	57.09583672514259
84.39068	59.60389524974974
84.55746	53.121133789453694
84.72424000000001	52.73422568965844
84.89102	46.31995306569244
85.0578	46.01810224662789
85.22458	48.824116612269925
85.39136	49.84787160884479
85.55814000000001	55.17484888585653
85.72492	57.72715621099209
85.89170000000001	49.8203829472482
86.05848	40.88941592569318
86.22526	43.5222186514415
86.39204	46.42990410492369
86.55882000000001	46.0619026199935
86.72560000000001	60.72703763018172
86.89238	56.01970380570298
87.05916	43.54979207337658
87.22594000000001	49.01385133385553
87.39272000000001	50.616103588715376
87.5595	52.94391322602741
87.72628	46.75187719698701
87.89305999999999	34.220115417818036
88.05984000000001	39.694973954295165
88.22662000000001	56.2715477505714
88.3934	50.25857632981915
88.56018	46.48839320446898
88.72696	50.417788912860516
88.89374000000001	52.516218132806884
89.06052	49.913894134817774
89.2273	51.27487855345712
89.39408000000002	50.63844971190625
89.56086	40.24266631054863
89.72764000000001	42.21380545858325
89.89442	44.06394207160455
90.06120000000001	40.303173668057504
90.22798	39.855655531754536
90.39476	45.937792903390395
90.56154	53.44249809991133
90.72832000000001	63.54144058348507
90.89510000000001	58.687540003095144
91.06188	54.27182082827184
91.22866	51.390630538410115
91.39544000000001	42.09272965615871
91.56222000000001	43.37789288361328
91.729	54.853922571481
91.89578	52.57217668027945
92.06255999999999	44.27916858990783
92.22934000000001	41.29020934764563
92.39612000000001	37.61546860422012
92.5629	38.29673671105229
92.72968	35.37160900715982
92.89646	33.9000984500804
93.06324000000001	39.58338712485455
93.23002	44.448572963419096
93.3968	44.103164527846346
93.56358000000002	47.79359381185304
93.73036	41.94690559944029
93.89714000000001	36.413855694256775
94.06392	44.326950185103634
94.23070000000001	47.87903929118626
94.39748	57.76255110084409
94.56426	66.13800598469088
94.73104	52.109830161553795
94.89782000000001	37.304007660166114
95.06460000000001	37.41670234689361
95.23138	40.711825699132675
95.39816	40.51236905417086
95.56494	40.57388935081677
95.73172000000001	37.989645601238834
95.8985	33.668303663049585
96.06528	37.66008497542046
96.23206	44.432309471975316
96.39884	49.01300643193335
96.56562000000001	58.67094751099344
96.7324	61.82908224418381
96.89918	49.85379839899682
97.06596	40.257805165968676
97.23274	41.68617444407567
97.39952	46.318538561178826
97.5663	43.03219618012816
97.73308000000002	37.14208681410291
97.89986	42.897535597155546
98.06664	43.52084179563387
98.23342	47.60884204719214
98.40020000000001	58.33472751460319
98.56698	49.344280651643146
98.73376	36.89377500024778
98.90054	36.49652078698428
99.06732000000001	38.762461478927676
99.23410000000001	38.27065520302432
99.40088	35.005815101185036
99.56766	36.55263121364661
99.73444	46.31600190348853
99.90122000000001	44.616331318640384
100.06800000000001	40.76907476492
100.23478	37.088765924665
100.40156	35.60163827522265
100.56834	39.43170081639215
100.73512000000001	37.46085626831066
100.9019	36.81251769741607
101.06868	39.2802010493821
101.23546	41.91406016409093
101.40224	38.24579328040072
101.56902000000001	38.28811364269045
101.7358	48.89271203925407
101.90258000000001	49.205263788588766
102.06936	40.346367617741365
102.23614	41.28000173097767
102.40292	37.4649155514769
102.56970000000001	33.23456736180855
102.73648000000001	30.771334845016327
102.90326	29.69880048446028
103.07004	37.24765836097473
103.23682000000001	41.262178059044295
103.40360000000001	37.4977496578606
103.57038	41.13722280028803
103.73716	44.397021141546624
103.90394	40.23003942098299
104.07072000000001	37.49172714536613
104.23750000000001	37.09603339757308
104.40428	37.57964688329005
104.57106	34.48329924349632
104.73784	34.199801871903674
104.90462000000001	34.32901109870457
105.0714	33.147366142645495
105.23818	35.17841998947381
105.40496000000002	33.82806285892405
105.57174	37.08628283557107
105.73852000000001	46.94836821387199
105.9053	44.7603042645328
106.07208000000001	35.566928073388496
106.23886	29.477815892489293
106.40564	28.880847930766784
106.57242	31.990109701326602
106.73920000000001	33.74295457832865
106.90598000000001	27.871220646244804
107.07276	34.55772087409597
107.23954	35.40074278135377
107.40632000000001	28.25419978111345
107.57310000000001	27.47649310853336
107.73988	30.386102932445073
107.90666	31.456100096579853
108.07344000000002	26.41624562413103
108.24022000000001	31.25656145520366
108.40700000000001	32.55099076936893
108.57378	30.317965204261736
108.74056	30.376336630129664
108.90734	43.93431044068873
109.07412000000001	41.060306704782626
109.2409	27.816219060638936
109.40768	34.410738936187904
109.57446000000002	32.466414290408935
109.74124	29.166792546324952
109.90802000000001	26.78862758519026
110.0748	23.184544023382134
110.24158000000001	21.47495186848914
110.40836	20.331441057949778
110.57514	27.292547098011205
110.74192	28.46529676260959
110.90870000000001	23.247557100589315
111.07548000000001	21.819236148211402
111.24226	22.980240025544855
111.40904	22.55572821551864
111.57582000000001	27.53510385196895
111.74260000000001	33.079181970387616
111.90938	28.37054562326284
112.07616	21.126858526614566
112.24294000000002	19.750585126192984
112.40972000000001	22.88683468689831
112.57650000000001	23.369047784414505
112.74328	34.91578775403428
112.91006	34.88876169447103
113.07684	22.109517907190558
113.24362	38.347592679902874
113.4104	51.41471562269395
113.57718	42.534260125710595
113.74396000000002	36.93940835497124
113.91074	30.375836539448077
114.07752	22.560211191069502
114.2443	27.37893664089875
114.41108000000001	25.58009170905932
114.57786	20.542549733421325
114.74464	28.692324737044174
114.91142	31.182740330052816
115.07820000000001	24.451600487492858
115.24498000000001	22.55075964817608
115.41176	20.49582864379329
115.57854	26.256960328024793
115.74532	29.59484865175349
115.91210000000001	27.776483025922193
116.07888	28.332101668399865
116.24566	26.325370615037862
116.41244000000002	22.20883951121609
116.57922	28.39946144955073
116.74600000000001	32.17569555425189
116.91278	22.474465533184983
117.07956	20.69569897167453
117.24634	23.592438149778264
117.41312	22.177905711945467
117.57990000000001	16.367432732201827
117.74668	21.08725317319527
117.91346000000001	24.06500281384878
118.08024	20.74930598190864
118.24702	20.31852794608791
118.4138	22.03954439859065
118.58058000000001	23.429481698839023
118.74736000000001	21.621253713207967
118.91414	23.671537624287993
119.08092	24.732543930773552
119.24770000000001	25.571418128813768
119.41448000000001	25.298284195964886
119.58126	29.188662587496804
119.74804	24.18945754469253
119.91482	18.468766924193382
120.08160000000001	23.79470485839503
120.24838000000001	18.402595394214362
120.41516	17.05389042270681
120.58194000000002	22.25852609033437
120.74872	21.158961676579015
120.91550000000001	21.315439407492732
121.08228	25.026482665811336
121.24906	22.500803430306046
121.41584000000002	30.26979489905941
121.58262	36.08825383533739
121.74940000000001	20.42011634653268
121.91618	24.55592845591314
122.08296000000001	36.172968881366934
122.24974	23.051148224561082
122.41652	28.200025604288783
122.5833	31.751369223831478
122.75008000000001	31.07904170089951
122.91686000000001	31.924726055624056
123.08364	22.839918949478438
123.25042	24.99409045545347
123.41720000000001	34.26591087590806
123.58398000000001	30.698258882386053
123.75076	20.08568603783073
123.91754	17.645140149526092
124.08432000000002	16.914958421490926
124.25110000000001	15.242672897932547
124.41788000000001	13.581363752321261
124.58466	26.467479325368757
124.75144000000002	29.966581965115665
124.91822	18.46985316587626
125.08500000000001	21.846424845968322
125.25178	31.177939807732805
125.41856	35.53205025595502
125.58534000000002	28.228540571796508
125.75212	23.51637621612147
125.91890000000001	29.765273401231422
126.08568	27.33068334770475
126.25246000000001	29.336791592936766
126.41924	25.333001924417154
126.58602	14.606626387501251
126.7528	10.676737658296076
126.91958000000001	17.567481891606977
127.08636000000001	20.31701842973211
127.25314	17.97741873161982
127.41992	17.776283151125305
127.58670000000001	20.442043750840742
127.75348000000001	26.898592069272564
127.92026	26.923575179036312
128.08704	26.61832707566129
128.25382000000002	17.75073377851171
128.4206	15.251212818244957
128.58738	36.13597836018555
128.75416	48.66713172080667
128.92094	34.52755192444923
129.08772000000002	17.39921314540229
129.2545	20.97150272635822
129.42128	26.169439383745654
129.58806	22.005599725649848
129.75484	21.274918734548777
129.92162000000002	20.94578088566277
130.0884	20.16500521697793
130.25518	19.51713516244578
130.42196	26.0021341090735
130.58874	22.93280782665861
130.75552	24.86326701500875
130.9223	36.99384152085148
131.08908000000002	34.477458580029406
131.25586	21.50502125440743
131.42264	15.604890699954987
131.58942	11.370801562466745
131.7562	16.29766576446537
131.92298	32.347025723097026
132.08976	32.84505227260514
132.25654	20.414519052827206
132.42332000000002	5.187263296088829
132.5901	4.09725977346131
132.75688	18.05465796420409
132.92366	22.491503819304334
133.09044	24.00265190726665
133.25722000000002	23.02864172740813
133.424	12.138376915175815
133.59078	7.676208207241345
133.75756	12.287726259462733
133.92434	13.281987547097572
134.09112	10.816805468347454
134.2579	16.944865758696526
134.42468000000002	10.88769001785509
134.59146	3.350252505823946
134.75824	11.636947924374573
134.92502000000002	13.700850891784347
135.0918	12.401289806024941
135.25858	18.46042846779066
135.42535999999998	34.838478470809186
135.59214000000003	43.84551445294664
135.75892000000002	26.208259825668407
135.9257	14.478997609966525
136.09248000000002	11.536759837957499
136.25926	16.088190730135086
136.42604	31.926626596967996
136.59282	18.547044564616236
136.7596	8.173905226144225
136.92638000000002	11.076453443621661
137.09316	12.506336072638733
137.25994	22.3094738425452
137.42672000000002	23.436205354068868
137.5935	22.52476120621673
137.76028	19.357638882897554
137.92706	24.568069593629318
138.09384	34.74449786899222
138.26062	25.93896823527238
138.4274	23.285575949874847
138.59418000000002	25.686957318939495
138.76096	10.545577749133033
138.92774	15.883741493552757
139.09452000000002	22.988354836375986
139.2613	10.854431010845946
139.42808	6.049128406063654
139.59485999999998	11.466407971378853
139.76164000000003	18.01090480397103
139.92842000000002	19.742950738459374
140.0952	25.17302086117367
140.26198000000002	19.95017336400065
140.42876	14.597026533534745
140.59554	26.91487283524185
140.76232	28.304514661075245
140.9291	24.796514828693894
141.09588000000002	21.495597877774237
141.26266	9.9781961580765
141.42944000000003	7.641632181624179
141.59622000000002	26.245908882992747
141.763	29.95836088374595
141.92978	20.618961734849456
142.09656	26.42503384866821
142.26334	22.51229321495879
142.43012	14.648240844361592
142.5969	17.336820018708682
142.76368000000002	16.75412182224449
142.93046	24.824011297985642
143.09724	38.3221257428865
143.26402000000002	30.57745064186635
143.4308	21.47713148418441
143.59758	15.184878614937638
143.76435999999998	16.59986783611898
143.93114000000003	22.836529502141953
144.09792000000002	15.066136109023782
144.2647	11.865231981284477
144.43148000000002	16.497155697535423
144.59826	28.709747085639513
144.76504	30.53065452223991
144.93182	24.319596586004117
145.0986	26.898699405561533
145.26538000000002	20.827249464690947
145.43216	18.675121591688733
145.59894000000003	22.100952026291804
145.76572000000002	35.45156250688351
145.9325	36.95000314743363
146.09928	28.422283498606717
146.26606	26.111467036503402
146.43284	16.486633848464898
146.59962	12.147931030688213
146.76640000000003	16.444322972524766
146.93318000000002	18.935208979165754
147.09996	17.335351918271762
147.26674	14.595136233934907
147.43352000000002	12.949457728989545
147.6003	18.60762654807529
147.76708	13.288077293606854
147.93385999999998	10.288267690573118
148.10064000000003	12.330023944301928
148.26742000000002	9.279961826247302
148.4342	10.420448308505826
148.60098000000002	16.766882752368407
148.76776	12.151146826101073
148.93454	6.074197403889844
149.10132	21.43359562381871
149.2681	15.460820866421617
149.43488000000002	6.603802143707849
149.60166	15.19118706084364
149.76844000000003	14.215573486854847
149.93522000000002	12.513656252368829
150.102	5.749535074693819
150.26878	-1.9261801114899033
150.43556	4.637088947722607
150.60234	17.976013252801792
150.76912	13.935278164251791
150.93590000000003	8.17869623283578
151.10268000000002	11.258261507141556
151.26946	8.132689486803658
151.43624	3.6835259502885234
151.60302000000001	0.1874437368658078
151.7698	4.523609490037083
151.93658	14.259945194168274
152.10335999999998	11.258418863429458
152.27014000000003	8.341108984188176
152.43692000000001	10.53997939358102
152.6037	4.799277927116348
152.77048000000002	13.0631673184894
152.93726	25.185897571608862
153.10404	19.759539299386574
153.27082	8.385647813264212
153.4376	5.7427423408812
153.60438000000002	9.811074849293258
153.77116	7.630898265793967
153.93794000000003	1.5446431220836117
154.10472000000001	0.004676312509591987
154.2715	5.84622824303659
154.43828	12.640762333016644
154.60506	9.749538108665414
154.77184	3.8579716783803253
154.93862	5.8858441139092195
155.10540000000003	12.414547184540664
155.27218000000002	13.585024395068723
155.43896	12.053950777289641
155.60574	19.73795442256827
155.77252000000001	14.136011952946566
155.9393	1.3762973146598347
156.10608	8.503923488301835
156.27286	16.923409855242358
156.43964000000003	14.937478394384675
156.60642	8.885144553719616
156.7732	3.4594784092726822
156.93998000000002	0.
157.10676	3.660620881034119
157.27354	5.15675676903104
157.44031999999999	3.956017895404297
157.6071	7.567412065684232
157.77388000000002	6.320073510136996
157.94066	3.773520292359988
158.10744000000003	6.777719154203827
158.27422	13.239845858055407
158.441	9.030072871636822
158.60778	2.9356225285781656
158.77456	7.798464057878028
158.94134	14.591179746882908
159.10811999999999	25.00302277100451
159.27490000000003	19.95716565078957
159.44168000000002	23.777380472950643
159.60846	27.111372225879876
159.77524	7.459322717681837
159.94202	14.792759035764496
160.1088	15.351922111255131
160.27558	10.796208522618638
160.44236	17.908526990893467
160.60914000000002	10.617975732507512
160.77592	12.801193064846482
160.9427	12.300696047383642
161.10948000000002	7.595871515599681
161.27626	4.594488861090918
161.44304	0.
161.60982	-1.0644108075462593
161.7766	-0.5975601775950035
161.94338000000002	4.974210432793556
162.11016	8.57525307252876
162.27694000000002	4.563560400331849
162.44372	18.685437317607477
162.6105	22.753009511690575
162.77728	11.844142815030779
162.94406	7.303007758668568
163.11084	5.298773685266108
163.27761999999998	5.304191654269447
163.44440000000003	1.3237629024053352
163.61118000000002	-0.18563317756145284
163.77796	-1.5122868654299024
163.94474	2.641561306662971
164.11152	2.6442485511254965
164.2783	6.942070492334649
164.44508	5.681052415226582
164.61186	6.405767938805802
164.77864000000002	6.835138265735582
164.94542	3.0861665900284567
165.1122	3.6155709387628794
165.27898000000002	2.9052960635617224
165.44576	6.356843340959393
165.61254	10.329489312036014
165.77932	7.208819299415552
165.9461	0.6609795834217709
166.11288000000002	0.41915221891546417
166.27966	9.415120839790317
166.44644000000002	10.107821570163134
166.61322	6.751522612963412
166.78	17.66074485498067
166.94678000000002	14.414845048451372
167.11356	3.0629351110509644
167.28034	3.8165693746523046
167.44711999999998	3.8769509965506224
167.61390000000003	7.361992331131728
167.78068000000002	6.1908488270276
167.94746	2.875148011211022
168.11424000000002	6.347940507265208
168.28102	1.2629280435599934
168.4478	2.574051548228086
168.61458	3.6640778810369627
168.78136	-1.1528429283918225
168.94814000000002	-1.7672728356795866
169.11492	7.153570740796931
169.2817	7.57045613230637
169.44848000000002	1.8201045556934818
169.61526	1.6576361274230311
169.78204	-0.36969752706197306
169.94882	3.2557588100971175
170.1156	5.162430753822052
170.28238000000002	8.944129111055368
170.44916	7.045680576857245
170.61594000000002	0.
170.78272	0.
170.9495	0.
171.11628000000002	0.
171.28306	0.
171.44984	0.
171.61661999999998	0.
171.78340000000003	0.
171.95018000000002	0.
172.11696	0.
172.28374000000002	0.
172.45052	0.
172.6173	0.
172.78408	0.
172.95086	0.
173.11764000000002	0.
173.28442	0.
173.45120000000003	0.
173.61798000000002	0.
173.78476	0.
173.95154	0.
174.11832	0.
174.2851	0.
174.45188000000002	0.
174.61866	0.
174.78544000000002	0.
174.95222	0.
175.119	0.
175.28578000000002	0.
175.45256	0.
175.61934	0.
175.78611999999998	0.
175.95290000000003	0.
176.11968000000002	0.
176.28646	0.
176.45324000000002	0.
176.62002	0.
176.7868	0.
176.95358	0.
177.12036	0.
177.28714000000002	0.
177.45392	0.
177.62070000000003	0.
177.78748000000002	0.
177.95426	0.
178.12104	0.
178.28782	0.
178.4546	0.
178.62138000000002	0.
178.78816000000003	0.
178.95494000000002	0.
179.12172	0.
179.2885	0.
179.45528000000002	0.
179.62206	0.
179.78884	0.
179.95561999999998	0.
180.12240000000003	0.
180.28918000000002	0.
180.45596	0.
180.62274000000002	0.
180.78952	0.
180.9563	0.
181.12308	0.
181.28986	0.
181.45664000000002	0.
181.62342	0.
181.79020000000003	0.
181.95698000000002	0.
182.12376	0.
182.29054	0.
182.45732	0.
182.6241	0.
182.79088000000002	0.
182.95766000000003	0.
183.12444000000002	0.
183.29122	0.
183.458	0.
183.62478000000002	0.
183.79156	0.
183.95834	0.
184.12511999999998	0.
184.29190000000003	0.
184.45868000000002	0.
184.62546	0.
184.79224000000002	0.
184.95902	0.
185.1258	0.
185.29258	0.
185.45936	0.
185.62614000000002	0.
185.79292	0.
185.95970000000003	0.
186.12648000000002	0.
186.29326	0.
186.46004	0.
186.62682	0.
186.7936	0.
186.96038000000001	0.
187.12716000000003	0.
187.29394000000002	0.
187.46072	0.
187.6275	0.
187.79428000000001	0.
187.96106	0.
188.12784	0.
188.29462	0.
188.46140000000003	0.
188.62818000000001	0.
188.79496	0.
188.96174000000002	0.
189.12852	0.
189.2953	0.
189.46208	0.
189.62886	0.
189.79564000000002	0.
189.96242	0.
190.12920000000003	0.
190.29598000000001	0.
190.46276	0.
190.62954	0.
190.79632	0.
190.9631	0.
191.12988	0.
191.29666000000003	0.
191.46344000000002	0.
191.63022	0.
191.797	0.
191.96378	0.
192.13056	0.
192.29734	0.
192.46412	0.
192.63090000000003	0.
192.79768	0.
192.96446	0.
193.13124000000002	0.
193.29802	0.
193.4648	0.
193.63158	0.
193.79836	0.
193.96514000000002	0.
194.13192	0.
194.29870000000003	0.
194.46548	0.
194.63226	0.
194.79904	0.
194.96582	0.
195.1326	0.
195.29938	0.
195.46616000000003	0.
195.63294000000002	0.
195.79972	0.
195.9665	0.
196.13328	0.
196.30006	0.
196.46684	0.
196.63362	0.
196.80040000000002	0.
196.96718	0.
197.13396	0.
197.30074000000002	0.
197.46752	0.
197.6343	0.
197.80108	0.
197.96786	0.
198.13464000000002	0.
198.30142	0.
198.46820000000002	0.
198.63498	0.
198.80176	0.
198.96854000000002	0.
199.13532	0.
199.3021	0.
199.46888	0.
199.63566000000003	0.
199.80244000000002	0.
199.96922	0.
200.13600000000002	0.
200.30278	0.
200.46956	0.
200.63634	0.
200.80312	0.
200.96990000000002	0.
201.13668	0.
201.30346	0.
201.47024000000002	0.
201.63702	0.
201.8038	0.
201.97058	0.
202.13736	0.
202.30414000000002	0.
202.47092	0.
202.63770000000002	0.
202.80448	0.
202.97126	0.
203.13804000000002	0.
203.30482	0.
203.4716	0.
203.63838	0.
203.80516000000003	0.
203.97194000000002	0.
204.13872	0.
204.30550000000002	0.
204.47228	0.
204.63906	0.
204.80584	0.
204.97262	0.
205.13940000000002	0.
205.30618	0.
205.47296000000003	0.
205.63974000000002	0.
205.80652	0.
205.9733	0.
206.14008	0.
206.30686	0.
206.47364000000002	0.
206.64042	0.
206.80720000000002	0.
206.97398	0.
207.14076	0.
207.30754000000002	0.
207.47432	0.
207.6411	0.
207.80788	0.
207.97466000000003	0.
208.14144000000002	0.
208.30822	0.
208.47500000000002	0.
208.64178	0.
208.80856	0.
208.97534	0.
209.14212	0.
209.30890000000002	0.
209.47568	0.
209.64246000000003	0.
209.80924000000002	0.
209.97602	0.
210.1428	0.
210.30958	0.
210.47636	0.
210.64314000000002	0.
210.80992000000003	0.
210.97670000000002	0.
211.14348	0.
211.31026	0.
211.47704000000002	0.
211.64382	0.
211.8106	0.
211.97738	0.
212.14416000000003	0.
212.31094000000002	0.
212.47772	0.
212.64450000000002	0.
212.81128	0.
212.97806	0.
213.14484	0.
213.31162	0.
213.47840000000002	0.
213.64518	0.
213.81196000000003	0.
213.97874000000002	0.
214.14552	0.
214.3123	0.
214.47908	0.
214.64586	0.
214.81264000000002	0.
214.97942000000003	0.
215.14620000000002	0.
215.31298	0.
215.47976	0.
215.64654000000002	0.
215.81332	0.
215.9801	0.
216.14688000000004	0.
216.31366000000003	0.
216.48044000000002	0.
216.64722	0.
216.81400000000002	0.
216.98078	0.
217.14756	0.
217.31434	0.
217.48112	0.
217.64790000000002	0.
217.81468	0.
217.98146000000003	0.
218.14824000000002	0.
218.31502	0.
218.4818	0.
218.64858	0.
218.81536	0.
218.98214000000002	0.
219.14892000000003	0.
219.31570000000002	0.
219.48248	0.
219.64926	0.
219.81604000000002	0.
219.98282	0.
220.1496	0.
220.31638000000004	0.
220.48316000000003	0.
220.64994000000002	0.
220.81672	0.
220.98350000000002	0.
221.15028	0.
221.31706	0.
221.48384	0.
221.65062	0.
221.81740000000002	0.
221.98418	0.
222.15096000000003	0.
222.31774000000001	0.
222.48452	0.
222.6513	0.
222.81808	0.
222.98486	0.
223.15164000000001	0.
223.31842000000003	0.
223.48520000000002	0.
223.65198	0.
223.81876	0.
223.98554000000001	0.
224.15232	0.
224.3191	0.
224.48588000000004	0.
224.65266000000003	0.
224.81944000000001	0.
224.98622	0.
225.15300000000002	0.
225.31978	0.
225.48656	0.
225.65334000000001	0.
225.82012	0.
225.98690000000002	0.
226.15368	0.
226.32046000000003	0.
226.48724	0.
226.65402	0.
226.8208	0.
226.98758	0.
227.15436	0.
227.32114	0.
227.48792000000003	0.
227.65470000000002	0.
227.82148	0.
227.98826	0.
228.15504	0.
228.32182	0.
228.4886	0.
228.65538000000004	0.
228.82216000000003	0.
228.98894	0.
229.15572	0.
229.32250000000002	0.
229.48928	0.
229.65606	0.
229.82284	0.
229.98962	0.
230.15640000000002	0.
230.32318	0.
230.48996000000002	0.
230.65674	0.
230.82352	0.
230.99030000000002	0.
231.15708	0.
231.32386	0.
231.49064	0.
231.65742000000003	0.
231.82420000000002	0.
231.99098	0.
232.15776	0.
232.32454	0.
232.49132	0.
232.6581	0.
232.82488000000004	0.
232.99166000000002	0.
233.15844	0.
233.32522	0.
233.49200000000002	0.
233.65878	0.
233.82556	0.
233.99234	0.
234.15912	0.
234.32590000000002	0.
234.49268	0.
234.65946000000002	0.
234.82624	0.
234.99302	0.
235.15980000000002	0.
235.32658	0.
235.49336	0.
235.66014	0.
235.82692000000003	0.
235.99370000000002	0.
236.16048	0.
236.32726000000002	0.
236.49404	0.
236.66082	0.
236.8276	0.
236.99438000000004	0.
237.16116000000002	0.
237.32794	0.
237.49472000000003	0.
237.66150000000002	0.
237.82828	0.
237.99506	0.
238.16184	0.
238.32862	0.
238.49540000000002	0.
238.66218	0.
238.82896000000002	0.
238.99574	0.
239.16252	0.
239.32930000000002	0.
239.49608	0.
239.66286	0.
239.82964	0.
239.99642000000003	0.
240.16320000000002	0.
240.32998	0.
240.49676000000002	0.
240.66354	0.
240.83032	0.
240.9971	0.
241.16388000000003	0.
241.33066000000002	0.
241.49744	0.
241.66422000000003	0.
241.83100000000002	0.
241.99778	0.
242.16456	0.
242.33134	0.
242.49812	0.
242.66490000000002	0.
242.83168000000003	0.
242.99846000000002	0.
243.16524	0.
243.33202	0.
243.49880000000002	0.
243.66558	0.
243.83236	0.
243.99914	0.
244.16592000000003	0.
244.33270000000002	0.
244.49948	0.
244.66626000000002	0.
244.83304	0.
244.99982	0.
245.1666	0.
245.33338000000003	0.
245.50016000000002	0.
245.66694	0.
245.83372000000003	0.
246.00050000000002	0.
246.16728	0.
246.33406	0.
246.50084	0.
246.66762	0.
246.83440000000002	0.
247.00118000000003	0.
247.16796000000002	0.
247.33474	0.
247.50152	0.
247.66830000000002	0.
247.83508	0.
248.00186	0.
248.16864000000004	0.
248.33542000000003	0.
248.50220000000002	0.
248.66898	0.
248.83576000000002	0.
249.00254	0.
249.16932	0.
249.3361	0.
249.50288000000003	0.
249.66966000000002	0.
249.83644	0.
250.00322000000003	0.
250.17000000000002	0.
250.33678	0.
250.50356	0.
250.67034	0.
250.83712	0.
251.00390000000002	0.
251.17068000000003	0.
251.33746000000002	0.
251.50424	0.
251.67102	0.
251.83780000000002	0.
252.00458	0.
252.17136	0.
252.33814000000004	0.
252.50492000000003	0.
252.67170000000002	0.
252.83848	0.
253.00526000000002	0.
253.17204	0.
253.33882	0.
253.5056	0.
253.67238000000003	0.
253.83916000000002	0.
254.00594	0.
254.17272000000003	0.
254.33950000000002	0.
254.50628	0.
254.67306	0.
254.83984	0.
255.00662	0.
255.17340000000002	0.
255.34018000000003	0.
255.50696000000002	0.
255.67374	0.
255.84052	0.
256.0073	0.
256.17408	0.
256.34086	0.
256.50764000000004	0.
256.67442	0.
256.8412	0.
257.00798000000003	0.
257.17476	0.
257.34154	0.
257.50832	0.
257.6751	0.
257.84188	0.
258.00866	0.
258.17544000000004	0.
258.34222	0.
258.509	0.
258.67578000000003	0.
258.84256	0.
259.00934	0.
259.17612	0.
259.34290000000004	0.
259.50968	0.
259.67646	0.
259.84324000000004	0.
260.01002	0.
260.1768	0.
260.34358000000003	0.
260.51036	0.
260.67714	0.
260.84392	0.
261.01070000000004	0.
261.17748	0.
261.34426	0.
261.51104	0.
261.67782	0.
261.8446	0.
262.01138000000003	0.
262.17816000000005	0.
262.34494	0.
262.51172	0.
262.6785	0.
262.84528	0.
263.01206	0.
263.17884	0.
263.34562	0.
263.5124	0.
263.67918000000003	0.
263.84596	0.
264.01274	0.
264.17952	0.
264.3463	0.
264.51308	0.
264.67986	0.
264.84664000000004	0.
265.01342	0.
265.1802	0.
265.34698000000003	0.
265.51376	0.
265.68054	0.
265.84732	0.
266.0141	0.
266.18088	0.
266.34766	0.
266.51444000000004	0.
266.68122	0.
266.848	0.
267.01478000000003	0.
267.18156	0.
267.34834	0.
267.51512	0.
267.68190000000004	0.
267.84868	0.
268.01546	0.
268.18224	0.
268.34902	0.
268.5158	0.
268.68258000000003	0.
268.84936000000005	0.
269.01614	0.
269.18292	0.
269.3497	0.
269.51648	0.
269.68326	0.
269.85004000000004	0.
270.01682000000005	0.
270.1836	0.
270.35038000000003	0.
270.51716	0.
270.68394	0.
270.85071999999997	0.
271.01750000000004	0.
271.18428000000006	0.
271.35106	0.
271.51784000000004	0.
271.68462	0.
271.8514	0.
272.01818	0.
272.18496000000005	0.
272.35174	0.
272.51852	0.
272.68530000000004	0.
272.85208	0.
273.01886	0.
273.18564	0.
273.35242	0.
273.5192	0.
273.68598000000003	0.
273.85276000000005	0.
274.01954	0.
274.18632	0.
274.3531	0.
274.51988	0.
274.68666	0.
274.85344000000003	0.
275.02022	0.
275.187	0.
275.35378000000003	0.
275.52056	0.
275.68734	0.
275.85412	0.
276.02090000000004	0.
276.18768	0.
276.35446	0.
276.52124	0.
276.68802	0.
276.8548	0.
277.02158000000003	0.
277.18836000000005	0.
277.35514	0.
277.52192	0.
277.6887	0.
277.85548	0.
278.02226	0.
278.18904000000003	0.
278.35582000000005	0.
278.5226	0.
278.68938	0.
278.85616	0.
279.02294	0.
279.18971999999997	0.
279.35650000000004	0.
279.52328000000006	0.
279.69006	0.
279.85684000000003	0.
280.02362	0.
280.1904	0.
280.35717999999997	0.
280.52396000000005	0.
280.69074	0.
280.85752	0.
281.02430000000004	0.
281.19108	0.
281.35786	0.
281.52464	0.
281.69142000000005	0.
281.8582	0.
282.02498	0.
282.19176000000004	0.
282.35854	0.
282.52532	0.
282.6921	0.
282.85888000000006	0.
283.02566	0.
283.19244000000003	0.
283.35922	0.
283.526	0.
283.69278	0.
283.85956	0.
284.02634	0.
284.19312	0.
284.35990000000004	0.
284.52668	0.
284.69346	0.
284.86024	0.
285.02702	0.
285.1938	0.
285.36058	0.
285.52736000000004	0.
285.69414	0.
285.86092	0.
286.0277	0.
286.19448	0.
286.36126	0.
286.52804000000003	0.
286.69482000000005	0.
286.8616	0.
287.02838	0.
287.19516	0.
287.36194	0.
287.52871999999996	0.
287.69550000000004	0.
287.86228000000006	0.
288.02906	0.
288.19584000000003	0.
288.36262	0.
288.5294	0.
288.69617999999997	0.
288.86296000000004	0.
289.02974	0.
289.19652	0.
289.36330000000004	0.
289.53008	0.
289.69686	0.
289.86364	0.
290.03042000000005	0.
290.1972	0.
290.36398	0.
290.53076000000004	0.
290.69754	0.
290.86432	0.
291.0311	0.
291.19788000000005	0.
291.36466	0.
291.53144000000003	0.
291.69822	0.
291.865	0.
292.03178	0.
292.19856	0.
292.36534000000006	0.
292.53212	0.
292.69890000000004	0.
292.86568	0.
293.03246	0.
293.19924	0.
293.36602	0.
293.53280000000007	0.
293.69958	0.
293.86636000000004	0.
294.03314	0.
294.19992	0.
294.3667	0.
294.53348	0.
294.70026000000007	0.
294.86704000000003	0.
295.03382000000005	0.
295.2006	0.
295.36738	0.
295.53416	0.
295.70094	0.
295.86771999999996	0.
296.03450000000004	0.
296.20128000000005	0.
296.36806	0.
296.53484000000003	0.
296.70162	0.
296.8684	0.
297.03517999999997	0.
297.20196000000004	0.
297.36874	0.
297.53552	0.
297.70230000000004	0.
297.86908	0.
298.03586	0.
298.20264	0.
298.36942000000005	0.
298.5362	0.
298.70298	0.
298.86976000000004	0.
299.03654	0.
299.20332	0.
299.3701	0.
299.53688000000005	0.
299.70366	0.
299.87044000000003	0.
300.03722	0.
300.204	0.
300.37078	0.
300.53756	0.
300.70434000000006	0.
300.87112	0.
301.03790000000004	0.
301.20468	0.
301.37146	0.
301.53824	0.
301.70502	0.
301.87180000000006	0.
302.03858	0.
302.20536000000004	0.
302.37214	0.
302.53892	0.
302.7057	0.
302.87248	0.
303.03926000000007	0.
303.20604000000003	0.
303.37282000000005	0.
303.5396	0.
303.70638	0.
303.87316	0.
304.03994	0.
304.20671999999996	0.
304.37350000000004	0.
304.54028000000005	0.
304.70706	0.
304.87384000000003	0.
305.04062	0.
305.2074	0.
305.37417999999997	0.
305.54096000000004	0.
305.70774	0.
305.87452	0.
306.04130000000004	0.
306.20808	0.
306.37486	0.
306.54164	0.
306.70842000000005	0.
306.8752	0.
307.04198	0.
307.20876000000004	0.
307.37554	0.
307.54232	0.
307.7091	0.
307.87588000000005	0.
308.04266	0.
308.20944000000003	0.
308.37622	0.
308.543	0.
308.70978	0.
308.87656	0.
309.04334000000006	0.
309.21012	0.
309.37690000000003	0.
309.54368	0.
309.71046	0.
309.87724	0.
310.04402	0.
310.21080000000006	0.
310.37758	0.
310.54436000000004	0.
310.71114	0.
310.87792	0.
311.0447	0.
311.21148	0.
311.37826000000007	0.
311.54504000000003	0.
311.71182000000005	0.
311.8786	0.
312.04538	0.
312.21216	0.
312.37894	0.
312.54572	0.
312.71250000000003	0.
312.87928000000005	0.
313.04606	0.
313.21284	0.
313.37962	0.
313.5464	0.
313.71318	0.
313.87996000000004	0.
314.04674	0.
314.21352	0.
314.38030000000003	0.
314.54708	0.
314.71386	0.
314.88063999999997	0.
315.04742000000005	0.
315.2142	0.
315.38098	0.
315.54776000000004	0.
315.71454	0.
315.88132	0.
316.0481	0.
316.21488000000005	0.
316.38166	0.
316.54844	0.
316.71522	0.
316.882	0.
317.04878	0.
317.21556	0.
317.38234000000006	0.
317.54912	0.
317.71590000000003	0.
317.88268	0.
318.04946	0.
318.21623999999997	0.
318.38302	0.
318.54980000000006	0.
318.71658	0.
318.88336000000004	0.
319.05014	0.
319.21692	0.
319.3837	0.
319.55048	0.
319.71726000000007	0.
319.88404	0.
320.05082000000004	0.
320.2176	0.
320.38438	0.
320.55116	0.
320.71794	0.
320.88472	0.
321.05150000000003	0.
321.21828000000005	0.
321.38506	0.
321.55184	0.
321.71862	0.
321.8854	0.
322.05218	0.
322.21896000000004	0.
322.38574	0.
322.55252	0.
322.71930000000003	0.
322.88608	0.
323.05286	0.
323.21964	0.
323.38642000000004	0.
323.5532	0.
323.71998	0.
323.88676000000004	0.
324.05354	0.
324.22032	0.
324.38710000000003	0.
324.55388000000005	0.
324.72066	0.
324.88744	0.
325.05422	0.
325.221	0.
325.38778	0.
325.55456	0.
325.72134000000005	0.
325.88812	0.
326.05490000000003	0.
326.22168	0.
326.38846	0.
326.55523999999997	0.
326.72202	0.
326.88880000000006	0.
327.05558	0.
327.22236000000004	0.
327.38914	0.
327.55592	0.
327.7227	0.
327.88948	0.
328.05626000000007	0.
328.22304	0.
328.38982000000004	0.
328.5566	0.
328.72338	0.
328.89016	0.
329.05694	0.
329.22372	0.
329.39050000000003	0.
329.55728000000005	0.
329.72406	0.
329.89084	0.
330.05762	0.
330.2244	0.
330.39118	0.
330.55796000000004	0.
330.72474	0.
330.89152	0.
331.05830000000003	0.
331.22508	0.
331.39186	0.
331.55864	0.
331.72542000000004	0.
331.8922	0.
332.05898	0.
332.22576000000004	0.
332.39254	0.
332.55932	0.
332.72610000000003	0.
332.89288000000005	0.
333.05966	0.
333.22644	0.
333.39322	0.